255 255 255 255 255 255 255 255 255 255 255 255 255 255 255 255
255 232 178 178 178 178 178 178 178 178 178 178 178 178 232 255
255 178   0   0   0   0   0   0   0   0   0   0   0   0 178 255
255 178   0   0   0   0   0   0   0   0   0   0   0   0 178 255
255 178   0   0   0   0   0   0   0   0   0   0   0   0 178 255
255 178   0   0   0 157 128 176 201 168 208   0   0   0 178 255
255 178   0   0   0 255 255 105  82  82 193   0   0   0 178 255
255 178   0   0   0 255 208 123   1 255   1   0   0   0 178 255
255 178   0   0   0 255   1  92   1  69 211   0   0   0 178 255
255 178   0   0   0  31 235 186   1 255  21   0   0   0 178 255
255 178   0   0   0 255 255 255 255 255 255   0   0   0 178 255
255 178   0   0   0   0   0   0   0   0   0   0   0   0 178 255
255 178   0   0   0   0   0   0   0   0   0   0   0   0 178 255
255 178   0   0   0   0   0   0   0   0   0   0   0   0 178 255
255 232 178 178 178 178 178 178 178 178 178 178 178 178 232 255
255 255 255 255 255 255 255 255 255 255 255 255 255 255 255 255
255 255 255 255 255 255 255 255 255 255 255 255 255 255 255 255
255 232 178 178 178 178 178 178 178 178 178 178 178 178 232 255
255 178   0   0   0   0   0   0   0   0   0   0   0   0 178 255
255 178   0   0   0   0   0   0   0   0   0   0   0   0 178 255
255 178   0   0   0   0   0   0   0   0   0   0   0   0 178 255
255 178   0   0   0 157 128 176 201 168 208   0   0   0 178 255
255 178   0   0   0 255 255 105  82  82 193   0   0   0 178 255
255 178   0   0   0 255 208 123   1 255   1   0   0   0 178 255
255 178   0   0   0 255   1  92   1  69 211   0   0   0 178 255
255 178   0   0   0  31 235 186   1 255  21   0   0   0 178 255
255 178   0   0   0 255 255 255 255 255 255   0   0   0 178 255
255 178   0   0   0   0   0   0   0   0   0   0   0   0 178 255
255 178   0   0   0   0   0   0   0   0   0   0   0   0 178 255
255 178   0   0   0   0   0   0   0   0   0   0   0   0 178 255
255 232 178 178 178 178 178 178 178 178 178 178 178 178 232 255
255 255 255 255 255 255 255 255 255 255 255 255 255 255 255 255
255 255 255 255 255 255 255 255 255 255 255 255 255 255 255 255
255 232 178 178 178 178 178 178 178 178 178 178 178 178 232 255
255 178   0   0   0   0   0   0   0   0   0   0   0   0 178 255
255 178   0   0   0   0   0   0   0   0   0   0   0   0 178 255
255 178   0   0   0   0   0   0   0   0   0   0   0   0 178 255
255 178   0   0   0 157 128 176 201 168 208   0   0   0 178 255
255 178   0   0   0 255 255 105  82  82 193   0   0   0 178 255
255 178   0   0   0 255 208 123   1 255   1   0   0   0 178 255
255 178   0   0   0 255   1  92   1  69 211   0   0   0 178 255
255 178   0   0   0  31 235 186   1 255  21   0   0   0 178 255
255 178   0   0   0 255 255 255 255 255 255   0   0   0 178 255
255 178   0   0   0   0   0   0   0   0   0   0   0   0 178 255
255 178   0   0   0   0   0   0   0   0   0   0   0   0 178 255
255 178   0   0   0   0   0   0   0   0   0   0   0   0 178 255
255 232 178 178 178 178 178 178 178 178 178 178 178 178 232 255
255 255 255 255 255 255 255 255 255 255 255 255 255 255 255 255

255 255 255 255 255 255 255 255 255 255 255 255 255 255 255 255
255 214 153 153 153 153 153 153 153 153 153 153 153 153 214 255
255 153   0   0   0   0   0   0   0   0   0   0   0   0 153 255
255 153   0   0   0   0   0   0   0   0   0   0   0   0 153 255
255 153   0   0  10  51  51  51  51  50  51  10   0   0 153 255
255 153   0   0  51 192 175  73 145  95 255  51   0   0 153 255
255 153   0   0  51 169 105 219  74 239 255  51   0   0 153 255
255 153   0   0  51 191 104  54  28  74 255  51   0   0 153 255
255 153   0   0  51 162 137  62  75 147 255  51   0   0 153 255
255 153   0   0  51 182 254 171  24 179 255  51   0   0 153 255
255 153   0   0  51 189 255 255 229  89 254  51   0   0 153 255
255 153   0   0  10  51  51  51  51  50  51  10   0   0 153 255
255 153   0   0   0   0   0   0   0   0   0   0   0   0 153 255
255 153   0   0   0   0   0   0   0   0   0   0   0   0 153 255
255 214 153 153 153 153 153 153 153 153 153 153 153 153 214 255
255 255 255 255 255 255 255 255 255 255 255 255 255 255 255 255
255 255 255 255 255 255 255 255 255 255 255 255 255 255 255 255
255 214 153 153 153 153 153 153 153 153 153 153 153 153 214 255
255 153   0   0   0   0   0   0   0   0   0   0   0   0 153 255
255 153   0   0   0   0   0   0   0   0   0   0   0   0 153 255
255 153   0   0  10  51  51  51  51  50  51  10   0   0 153 255
255 153   0   0  51 192 175  73 145  95 255  51   0   0 153 255
255 153   0   0  51 169 105 219  74 239 255  51   0   0 153 255
255 153   0   0  51 191 104  54  28  74 255  51   0   0 153 255
255 153   0   0  51 162 137  62  75 147 255  51   0   0 153 255
255 153   0   0  51 182 254 171  24 179 255  51   0   0 153 255
255 153   0   0  51 189 255 255 229  89 254  51   0   0 153 255
255 153   0   0  10  51  51  51  51  50  51  10   0   0 153 255
255 153   0   0   0   0   0   0   0   0   0   0   0   0 153 255
255 153   0   0   0   0   0   0   0   0   0   0   0   0 153 255
255 214 153 153 153 153 153 153 153 153 153 153 153 153 214 255
255 255 255 255 255 255 255 255 255 255 255 255 255 255 255 255
255 255 255 255 255 255 255 255 255 255 255 255 255 255 255 255
255 214 153 153 153 153 153 153 153 153 153 153 153 153 214 255
255 153   0   0   0   0   0   0   0   0   0   0   0   0 153 255
255 153   0   0   0   0   0   0   0   0   0   0   0   0 153 255
255 153   0   0  10  51  51  51  51  50  51  10   0   0 153 255
255 153   0   0  51 192 175  73 145  95 255  51   0   0 153 255
255 153   0   0  51 169 105 219  74 239 255  51   0   0 153 255
255 153   0   0  51 191 104  54  28  74 255  51   0   0 153 255
255 153   0   0  51 162 137  62  75 147 255  51   0   0 153 255
255 153   0   0  51 182 254 171  24 179 255  51   0   0 153 255
255 153   0   0  51 189 255 255 229  89 254  51   0   0 153 255
255 153   0   0  10  51  51  51  51  50  51  10   0   0 153 255
255 153   0   0   0   0   0   0   0   0   0   0   0   0 153 255
255 153   0   0   0   0   0   0   0   0   0   0   0   0 153 255
255 214 153 153 153 153 153 153 153 153 153 153 153 153 214 255
255 255 255 255 255 255 255 255 255 255 255 255 255 255 255 255

255 255 255 255 255 255 255 255 255 255 255 255 255 255 255 255
255 214 153 153 153 153 153 153 153 153 153 153 153 153 214 255
255 153   0   0   0   0   0   0   0   0   0   0   0   0 153 255
255 153   0   0   0   0   0   0   0   0   0   0   0   0 153 255
255 153   0   0  10  51  51  51  51  51  51  10   0   0 153 255
255 153   0   0  51 255 255 255 255 255 254  51   0   0 153 255
255 153   0   0  50  95 239  74 147 179  89  50   0   0 153 255
255 153   0   0  51 145  74  28  75  24 229  51   0   0 153 255
255 153   0   0  51  73 219  54  62 171 255  51   0   0 153 255
255 153   0   0  51 175 105 104 137 254 255  51   0   0 153 255
255 153   0   0  51 192 169 191 162 182 189  51   0   0 153 255
255 153   0   0  10  51  51  51  51  51  51  10   0   0 153 255
255 153   0   0   0   0   0   0   0   0   0   0   0   0 153 255
255 153   0   0   0   0   0   0   0   0   0   0   0   0 153 255
255 214 153 153 153 153 153 153 153 153 153 153 153 153 214 255
255 255 255 255 255 255 255 255 255 255 255 255 255 255 255 255
255 255 255 255 255 255 255 255 255 255 255 255 255 255 255 255
255 214 153 153 153 153 153 153 153 153 153 153 153 153 214 255
255 153   0   0   0   0   0   0   0   0   0   0   0   0 153 255
255 153   0   0   0   0   0   0   0   0   0   0   0   0 153 255
255 153   0   0  10  51  51  51  51  51  51  10   0   0 153 255
255 153   0   0  51 255 255 255 255 255 254  51   0   0 153 255
255 153   0   0  50  95 239  74 147 179  89  50   0   0 153 255
255 153   0   0  51 145  74  28  75  24 229  51   0   0 153 255
255 153   0   0  51  73 219  54  62 171 255  51   0   0 153 255
255 153   0   0  51 175 105 104 137 254 255  51   0   0 153 255
255 153   0   0  51 192 169 191 162 182 189  51   0   0 153 255
255 153   0   0  10  51  51  51  51  51  51  10   0   0 153 255
255 153   0   0   0   0   0   0   0   0   0   0   0   0 153 255
255 153   0   0   0   0   0   0   0   0   0   0   0   0 153 255
255 214 153 153 153 153 153 153 153 153 153 153 153 153 214 255
255 255 255 255 255 255 255 255 255 255 255 255 255 255 255 255
255 255 255 255 255 255 255 255 255 255 255 255 255 255 255 255
255 214 153 153 153 153 153 153 153 153 153 153 153 153 214 255
255 153   0   0   0   0   0   0   0   0   0   0   0   0 153 255
255 153   0   0   0   0   0   0   0   0   0   0   0   0 153 255
255 153   0   0  10  51  51  51  51  51  51  10   0   0 153 255
255 153   0   0  51 255 255 255 255 255 254  51   0   0 153 255
255 153   0   0  50  95 239  74 147 179  89  50   0   0 153 255
255 153   0   0  51 145  74  28  75  24 229  51   0   0 153 255
255 153   0   0  51  73 219  54  62 171 255  51   0   0 153 255
255 153   0   0  51 175 105 104 137 254 255  51   0   0 153 255
255 153   0   0  51 192 169 191 162 182 189  51   0   0 153 255
255 153   0   0  10  51  51  51  51  51  51  10   0   0 153 255
255 153   0   0   0   0   0   0   0   0   0   0   0   0 153 255
255 153   0   0   0   0   0   0   0   0   0   0   0   0 153 255
255 214 153 153 153 153 153 153 153 153 153 153 153 153 214 255
255 255 255 255 255 255 255 255 255 255 255 255 255 255 255 255

255 255 255 255 255 255 255 255 255 255 255 255 255 255 255 255
255 214 153 153 153 153 153 153 153 153 153 153 153 153 214 255
255 153   0   0   0   0   0   0   0   0   0   0   0   0 153 255
255 153   0   0   0   0   0   0   0   0   0   0   0   0 153 255
255 153   0   0  10  51  50  51  51  51  51  10   0   0 153 255
255 153   0   0  51 254  89 229 255 255 189  51   0   0 153 255
255 153   0   0  51 255 179  24 171 254 182  51   0   0 153 255
255 153   0   0  51 255 147  75  62 137 162  51   0   0 153 255
255 153   0   0  51 255  74  28  54 104 191  51   0   0 153 255
255 153   0   0  51 255 239  74 219 105 169  51   0   0 153 255
255 153   0   0  51 255  95 145  73 175 192  51   0   0 153 255
255 153   0   0  10  51  50  51  51  51  51  10   0   0 153 255
255 153   0   0   0   0   0   0   0   0   0   0   0   0 153 255
255 153   0   0   0   0   0   0   0   0   0   0   0   0 153 255
255 214 153 153 153 153 153 153 153 153 153 153 153 153 214 255
255 255 255 255 255 255 255 255 255 255 255 255 255 255 255 255
255 255 255 255 255 255 255 255 255 255 255 255 255 255 255 255
255 214 153 153 153 153 153 153 153 153 153 153 153 153 214 255
255 153   0   0   0   0   0   0   0   0   0   0   0   0 153 255
255 153   0   0   0   0   0   0   0   0   0   0   0   0 153 255
255 153   0   0  10  51  50  51  51  51  51  10   0   0 153 255
255 153   0   0  51 254  89 229 255 255 189  51   0   0 153 255
255 153   0   0  51 255 179  24 171 254 182  51   0   0 153 255
255 153   0   0  51 255 147  75  62 137 162  51   0   0 153 255
255 153   0   0  51 255  74  28  54 104 191  51   0   0 153 255
255 153   0   0  51 255 239  74 219 105 169  51   0   0 153 255
255 153   0   0  51 255  95 145  73 175 192  51   0   0 153 255
255 153   0   0  10  51  50  51  51  51  51  10   0   0 153 255
255 153   0   0   0   0   0   0   0   0   0   0   0   0 153 255
255 153   0   0   0   0   0   0   0   0   0   0   0   0 153 255
255 214 153 153 153 153 153 153 153 153 153 153 153 153 214 255
255 255 255 255 255 255 255 255 255 255 255 255 255 255 255 255
255 255 255 255 255 255 255 255 255 255 255 255 255 255 255 255
255 214 153 153 153 153 153 153 153 153 153 153 153 153 214 255
255 153   0   0   0   0   0   0   0   0   0   0   0   0 153 255
255 153   0   0   0   0   0   0   0   0   0   0   0   0 153 255
255 153   0   0  10  51  50  51  51  51  51  10   0   0 153 255
255 153   0   0  51 254  89 229 255 255 189  51   0   0 153 255
255 153   0   0  51 255 179  24 171 254 182  51   0   0 153 255
255 153   0   0  51 255 147  75  62 137 162  51   0   0 153 255
255 153   0   0  51 255  74  28  54 104 191  51   0   0 153 255
255 153   0   0  51 255 239  74 219 105 169  51   0   0 153 255
255 153   0   0  51 255  95 145  73 175 192  51   0   0 153 255
255 153   0   0  10  51  50  51  51  51  51  10   0   0 153 255
255 153   0   0   0   0   0   0   0   0   0   0   0   0 153 255
255 153   0   0   0   0   0   0   0   0   0   0   0   0 153 255
255 214 153 153 153 153 153 153 153 153 153 153 153 153 214 255
255 255 255 255 255 255 255 255 255 255 255 255 255 255 255 255
